Tanggal,harga_petani_pred,harga_pengecer_pred,luas_lahan_pred,produktivitas_pred,produksi_pred,hari,bulan,tahun
2024-01-01,9395.222,9053.413,25821.752,55.381374,151008.16,Monday,January,2024
2024-01-02,9394.985,8950.341,26585.658,55.381252,159075.45,Tuesday,January,2024
2024-01-03,9403.047,8909.4375,27244.602,55.401707,164512.03,Wednesday,January,2024
2024-01-04,9417.994,8907.244,27767.893,55.417606,167603.56,Thursday,January,2024
2024-01-05,9424.257,8928.192,27885.732,55.40846,166091.44,Friday,January,2024
2024-01-06,9406.277,8982.319,27733.668,55.38201,162564.77,Saturday,January,2024
2024-01-07,9386.055,9056.789,27659.838,55.357647,159581.34,Sunday,January,2024
2024-01-08,9375.125,9141.341,27779.629,55.370342,159269.94,Monday,January,2024
2024-01-09,9378.602,9254.484,27772.553,55.368824,158845.8,Tuesday,January,2024
2024-01-10,9377.343,9310.776,27899.693,55.37428,159141.47,Wednesday,January,2024
2024-01-11,9374.28,9355.202,28152.89,55.38254,159195.17,Thursday,January,2024
2024-01-12,9374.506,9468.929,28254.844,55.38326,158175.9,Friday,January,2024
2024-01-13,9386.57,9699.518,28215.2,55.375492,157166.55,Saturday,January,2024
2024-01-14,9411.496,9981.945,28338.223,55.36717,157103.0,Sunday,January,2024
2024-01-15,9434.705,10225.659,28536.7,55.364216,157917.16,Monday,January,2024
2024-01-16,9437.898,10329.584,28689.643,55.359833,158654.23,Tuesday,January,2024
2024-01-17,9419.183,10284.444,28788.166,55.35184,158928.73,Wednesday,January,2024
2024-01-18,9399.9375,10222.341,29062.387,55.348553,159616.0,Thursday,January,2024
2024-01-19,9393.774,10245.013,29332.057,55.34664,159929.08,Friday,January,2024
2024-01-20,9408.256,10405.78,29560.25,55.34646,160149.84,Saturday,January,2024
2024-01-21,9435.489,10631.233,29897.957,55.34978,161864.69,Sunday,January,2024
2024-01-22,9451.02,10793.395,30129.352,55.347717,163751.05,Monday,January,2024
2024-01-23,9437.096,10793.78,30005.084,55.333736,163619.5,Tuesday,January,2024
2024-01-24,9404.671,10634.646,29748.242,55.320335,162386.92,Wednesday,January,2024
2024-01-25,9380.131,10466.526,29752.332,55.317013,161858.53,Thursday,January,2024
2024-01-26,9374.404,10423.351,29859.244,55.31816,161602.1,Friday,January,2024
2024-01-27,9390.739,10544.326,30022.309,55.320892,161896.27,Saturday,January,2024
2024-01-28,9420.713,10738.643,30322.988,55.32658,163943.23,Sunday,January,2024
2024-01-29,9450.156,10865.649,30478.74,55.345734,165882.86,Monday,January,2024
2024-01-30,9437.169,10834.702,30229.432,55.334713,165265.16,Tuesday,January,2024
2024-01-31,9391.8955,10655.333,29876.926,55.301476,163409.75,Wednesday,January,2024
2024-02-01,9368.852,10465.564,29816.969,55.300507,162648.14,Thursday,February,2024
2024-02-02,9363.752,10386.787,29801.508,55.30267,162051.3,Friday,February,2024
2024-02-03,9385.933,10486.234,29940.553,55.309196,162374.23,Saturday,February,2024
2024-02-04,9424.541,10687.199,30245.531,55.317436,164522.69,Sunday,February,2024
2024-02-05,9453.678,10825.637,30423.818,55.32465,166519.83,Monday,February,2024
2024-02-06,9436.8545,10763.628,30031.887,55.309006,165243.4,Tuesday,February,2024
2024-02-07,9403.107,10515.697,29537.982,55.30188,162892.06,Wednesday,February,2024
2024-02-08,9373.562,10268.275,29317.07,55.29842,161862.2,Thursday,February,2024
2024-02-09,9365.047,10175.606,29204.803,55.300156,161093.27,Friday,February,2024
2024-02-10,9387.244,10255.324,29254.611,55.307938,160974.2,Saturday,February,2024
2024-02-11,9427.492,10456.12,29453.814,55.320065,162183.69,Sunday,February,2024
2024-02-12,9455.507,10603.992,29592.01,55.326675,163593.12,Monday,February,2024
2024-02-13,9447.474,10538.123,29363.018,55.32486,162914.12,Tuesday,February,2024
2024-02-14,9415.843,10290.642,29055.844,55.3199,161492.66,Wednesday,February,2024
2024-02-15,9385.665,10057.096,28946.229,55.318035,161136.12,Thursday,February,2024
2024-02-16,9374.382,9962.697,28889.246,55.31953,160734.9,Friday,February,2024
2024-02-17,9390.086,10038.484,28865.045,55.323723,160297.86,Saturday,February,2024
2024-02-18,9425.57,10231.49,28972.652,55.333393,160829.97,Sunday,February,2024
2024-02-19,9453.98,10381.542,29099.115,55.34188,161862.55,Monday,February,2024
2024-02-20,9449.369,10336.428,28966.248,55.341602,161465.72,Tuesday,February,2024
2024-02-21,9421.243,10126.833,28793.102,55.337307,160740.12,Wednesday,February,2024
2024-02-22,9394.827,9928.31,28808.729,55.337334,160515.66,Thursday,February,2024
2024-02-23,9382.167,9855.943,28779.398,55.336613,160362.62,Friday,February,2024
2024-02-24,9394.407,9944.474,28742.445,55.337627,160051.34,Saturday,February,2024
2024-02-25,9427.76,10141.697,28838.383,55.34434,160462.44,Sunday,February,2024
2024-02-26,9456.002,10300.491,28968.959,55.351906,161423.83,Monday,February,2024
2024-02-27,9452.532,10273.876,28874.828,55.350693,161189.89,Tuesday,February,2024
2024-02-28,9425.32,10090.04,28730.367,55.345905,160531.14,Wednesday,February,2024
2024-02-29,9397.911,9912.996,28741.438,55.3438,160556.3,Thursday,February,2024
2024-03-01,9385.96,9851.021,28746.453,55.34281,160428.06,Friday,March,2024
2024-03-02,9392.578,9891.402,28688.514,55.34098,160116.94,Saturday,March,2024
2024-03-03,9418.273,10003.009,28714.328,55.344753,160521.94,Sunday,March,2024
2024-03-04,9439.075,10054.803,28752.979,55.35147,161225.56,Monday,March,2024
2024-03-05,9433.35,9889.283,28705.521,55.355732,160196.55,Tuesday,March,2024
2024-03-06,9406.823,9621.229,28727.215,55.35568,159506.48,Wednesday,March,2024
2024-03-07,9382.629,9367.773,28961.422,55.357437,160453.5,Thursday,March,2024
2024-03-08,9371.915,9239.336,29081.695,55.36335,161468.62,Friday,March,2024
2024-03-09,9373.943,9205.497,29167.812,55.363735,161779.36,Saturday,March,2024
2024-03-10,9390.807,9233.523,29252.797,55.36626,161989.66,Sunday,March,2024
2024-03-11,9406.459,9247.572,29366.342,55.3714,162578.86,Monday,March,2024
2024-03-12,9405.121,9197.868,29375.084,55.375755,162960.12,Tuesday,March,2024
2024-03-13,9396.4,9110.313,29349.73,55.37131,163383.23,Wednesday,March,2024
2024-03-14,9403.308,9074.039,29308.596,55.355873,163865.31,Thursday,March,2024
2024-03-15,9406.502,9065.766,29336.727,55.36032,164672.0,Friday,March,2024
2024-03-16,9406.996,9069.486,29397.713,55.353962,164203.03,Saturday,March,2024
2024-03-17,9411.374,9099.002,29511.6,55.366516,164397.38,Sunday,March,2024
2024-03-18,9416.934,9126.468,29605.596,55.38377,165105.45,Monday,March,2024
2024-03-19,9418.265,9119.602,29559.258,55.38164,164944.94,Tuesday,March,2024
2024-03-20,9418.741,9087.979,29446.008,55.36419,164528.19,Wednesday,March,2024
2024-03-21,9420.895,9072.938,29434.963,55.3684,165772.17,Thursday,March,2024
2024-03-22,9422.618,9071.093,29481.889,55.374035,166424.38,Friday,March,2024
2024-03-23,9420.804,9075.925,29521.914,55.36392,165571.52,Saturday,March,2024
2024-03-24,9423.07,9106.853,29623.434,55.37653,165641.66,Sunday,March,2024
2024-03-25,9427.127,9135.2705,29709.908,55.39422,166267.48,Monday,March,2024
2024-03-26,9427.244,9129.118,29659.82,55.39216,166041.16,Tuesday,March,2024
2024-03-27,9426.222,9096.647,29540.07,55.374012,165508.81,Wednesday,March,2024
2024-03-28,9428.109,9079.619,29535.244,55.375843,166590.25,Thursday,March,2024
2024-03-29,9428.552,9076.807,29569.271,55.38035,167108.23,Friday,March,2024
2024-03-30,9425.788,9080.745,29598.93,55.369457,166159.55,Saturday,March,2024
2024-03-31,9426.938,9111.956,29686.328,55.382866,166218.61,Sunday,March,2024
2024-04-01,9430.6045,9139.672,29765.45,55.39974,166771.08,Monday,April,2024
2024-04-02,9426.994,9123.392,29587.645,55.387154,165739.67,Tuesday,April,2024
2024-04-03,9422.864,9088.041,29275.973,55.35416,164326.03,Wednesday,April,2024
2024-04-04,9420.696,9075.494,29100.084,55.349754,165062.4,Thursday,April,2024
2024-04-05,9424.053,9071.81,29139.812,55.345795,165599.9,Friday,April,2024
2024-04-06,9427.402,9073.783,29269.357,55.334057,165247.6,Saturday,April,2024
2024-04-07,9435.431,9093.107,29479.48,55.336735,165441.05,Sunday,April,2024
2024-04-08,9442.001,9118.679,29646.05,55.35357,166449.58,Monday,April,2024
2024-04-09,9440.332,9113.943,29558.383,55.345097,165985.0,Tuesday,April,2024
2024-04-10,9437.474,9091.775,29343.79,55.322018,165032.06,Wednesday,April,2024
2024-04-11,9436.738,9082.569,29259.133,55.319313,165627.94,Thursday,April,2024
2024-04-12,9440.376,9083.756,29327.969,55.319286,166248.69,Friday,April,2024
2024-04-13,9444.661,9091.763,29503.617,55.318314,166405.17,Saturday,April,2024
2024-04-14,9450.73,9120.709,29732.09,55.338722,167435.12,Sunday,April,2024
2024-04-15,9457.552,9148.124,29903.459,55.359943,168570.1,Monday,April,2024
2024-04-16,9455.354,9143.076,29810.148,55.354305,168130.77,Tuesday,April,2024
2024-04-17,9450.435,9116.726,29579.14,55.332195,167023.1,Wednesday,April,2024
2024-04-18,9450.712,9099.071,29484.693,55.319912,167010.05,Thursday,April,2024
2024-04-19,9452.408,9097.663,29525.537,55.320526,167457.97,Friday,April,2024
2024-04-20,9454.707,9105.746,29679.123,55.32422,167690.8,Saturday,April,2024
2024-04-21,9459.339,9135.9,29888.791,55.34926,168829.75,Sunday,April,2024
2024-04-22,9465.72,9161.871,30042.537,55.369972,169832.36,Monday,April,2024
2024-04-23,9462.79,9154.782,29932.092,55.36332,169254.2,Tuesday,April,2024
2024-04-24,9456.647,9125.576,29683.76,55.339798,167971.53,Wednesday,April,2024
2024-04-25,9456.743,9104.367,29577.188,55.323345,167678.62,Thursday,April,2024
2024-04-26,9457.424,9101.827,29603.268,55.323654,168019.52,Friday,April,2024
2024-04-27,9458.463,9110.101,29741.898,55.328934,168252.42,Saturday,April,2024
2024-04-28,9462.763,9139.754,29943.049,55.353443,169318.75,Sunday,April,2024
2024-04-29,9468.77,9165.194,30088.434,55.373608,170250.62,Monday,April,2024
2024-04-30,9465.439,9157.489,29970.766,55.36637,169609.69,Tuesday,April,2024
2024-05-01,9458.83,9127.545,29716.008,55.342278,168262.84,Wednesday,May,2024
2024-05-02,9456.157,9103.941,29519.908,55.3202,167395.42,Thursday,May,2024
2024-05-03,9457.188,9100.256,29523.504,55.316525,167645.81,Friday,May,2024
2024-05-04,9458.509,9108.824,29627.818,55.317738,167721.34,Saturday,May,2024
2024-05-05,9458.171,9134.917,29763.816,55.33539,168352.06,Sunday,May,2024
2024-05-06,9458.309,9157.917,29821.434,55.349438,168665.52,Monday,May,2024
2024-05-07,9450.79,9151.742,29621.262,55.339108,167510.05,Tuesday,May,2024
2024-05-08,9445.51,9127.924,29371.477,55.31683,166227.98,Wednesday,May,2024
2024-05-09,9446.367,9111.267,29276.295,55.299187,165942.22,Thursday,May,2024
2024-05-10,9450.808,9111.717,29376.428,55.298084,166611.47,Friday,May,2024
2024-05-11,9453.368,9127.331,29533.213,55.311695,167370.06,Saturday,May,2024
2024-05-12,9456.684,9157.182,29733.924,55.335163,168464.8,Sunday,May,2024
2024-05-13,9459.545,9182.254,29838.373,55.35362,169116.8,Monday,May,2024
2024-05-14,9453.937,9176.406,29672.871,55.346344,168198.92,Tuesday,May,2024
2024-05-15,9448.313,9149.283,29445.812,55.324562,167005.75,Wednesday,May,2024
2024-05-16,9448.786,9129.619,29355.783,55.30712,166723.16,Thursday,May,2024
2024-05-17,9453.355,9127.433,29459.182,55.306194,167389.45,Friday,May,2024
2024-05-18,9456.41,9140.831,29618.566,55.31986,168149.08,Saturday,May,2024
2024-05-19,9460.678,9169.754,29819.676,55.34355,169248.4,Sunday,May,2024
2024-05-20,9463.992,9193.503,29920.662,55.36173,169866.03,Monday,May,2024
2024-05-21,9458.341,9185.849,29748.38,55.353664,168881.55,Tuesday,May,2024
2024-05-22,9452.406,9156.242,29513.574,55.33083,167592.27,Wednesday,May,2024
2024-05-23,9452.509,9134.773,29414.398,55.31247,167213.44,Thursday,May,2024
2024-05-24,9456.76,9131.331,29510.66,55.310776,167805.81,Friday,May,2024
2024-05-25,9459.581,9143.904,29664.617,55.323853,168512.75,Saturday,May,2024
2024-05-26,9463.534,9172.412,29861.008,55.346985,169571.69,Sunday,May,2024
2024-05-27,9466.56,9195.76,29957.596,55.36469,170152.52,Monday,May,2024
2024-05-28,9460.567,9187.647,29780.39,55.356133,169128.69,Tuesday,May,2024
2024-05-29,9454.399,9157.529,29541.252,55.332924,167800.52,Wednesday,May,2024
2024-05-30,9454.237,9135.721,29437.287,55.314243,167383.03,Thursday,May,2024
2024-05-31,9458.249,9132.065,29529.855,55.312286,167945.83,Friday,May,2024
2024-06-01,9460.889,9144.519,29681.629,55.32515,168634.3,Saturday,June,2024
2024-06-02,9457.434,9171.679,29734.03,55.345592,168915.31,Sunday,June,2024
2024-06-03,9450.602,9191.354,29636.752,55.357708,168413.77,Monday,June,2024
2024-06-04,9437.219,9181.201,29336.703,55.346123,166623.98,Tuesday,June,2024
2024-06-05,9424.949,9153.345,29022.846,55.320023,164864.0,Wednesday,June,2024
2024-06-06,9419.975,9133.112,28860.621,55.29954,164172.72,Thursday,June,2024
2024-06-07,9417.925,9130.762,28865.535,55.295834,164271.28,Friday,June,2024
2024-06-08,9410.641,9143.645,28885.701,55.304,164218.62,Saturday,June,2024
2024-06-09,9401.899,9167.483,28855.37,55.318302,164028.75,Sunday,June,2024
2024-06-10,9394.776,9185.88,28760.46,55.32793,163516.36,Monday,June,2024
2024-06-11,9386.04,9176.359,28559.342,55.31744,162230.34,Tuesday,June,2024
2024-06-12,9381.232,9149.256,28383.156,55.294254,161177.05,Wednesday,June,2024
2024-06-13,9383.551,9129.044,28347.6,55.276596,161132.05,Thursday,June,2024
2024-06-14,9387.005,9125.983,28435.67,55.274937,161647.27,Friday,June,2024
2024-06-15,9383.732,9138.241,28499.166,55.284935,161829.12,Saturday,June,2024
2024-06-16,9377.762,9161.41,28501.934,55.30055,161802.0,Sunday,June,2024
2024-06-17,9372.946,9179.361,28439.373,55.311153,161449.44,Monday,June,2024
2024-06-18,9367.028,9170.026,28280.123,55.302002,160396.02,Tuesday,June,2024
2024-06-19,9365.336,9143.283,28153.648,55.28045,159623.48,Wednesday,June,2024
2024-06-20,9370.404,9123.399,28163.799,55.2642,159841.56,Thursday,June,2024
2024-06-21,9375.832,9120.527,28280.738,55.263645,160529.75,Friday,June,2024
2024-06-22,9373.928,9133.082,28358.314,55.274746,160813.47,Saturday,June,2024
2024-06-23,9368.794,9156.3545,28372.791,55.29123,160860.92,Sunday,June,2024
2024-06-24,9364.678,9174.558,28321.646,55.302578,160583.81,Monday,June,2024
2024-06-25,9359.67,9165.772,28176.627,55.29429,159631.17,Tuesday,June,2024
2024-06-26,9359.084,9139.752,28067.438,55.273727,158980.52,Wednesday,June,2024
2024-06-27,9365.142,9120.45,28093.324,55.258347,159309.44,Thursday,June,2024
2024-06-28,9371.299,9117.977,28220.502,55.258503,160073.44,Friday,June,2024
2024-06-29,9369.92,9130.852,28303.725,55.270226,160405.78,Saturday,June,2024
2024-06-30,9365.118,9154.298,28322.814,55.287205,160488.5,Sunday,June,2024
2024-07-01,9361.288,9172.698,28276.092,55.298973,160245.27,Monday,July,2024
2024-07-02,9353.6875,9165.23,28091.525,55.29491,159149.2,Tuesday,July,2024
2024-07-03,9352.939,9141.445,27971.81,55.280704,158529.92,Wednesday,July,2024
2024-07-04,9359.284,9123.473,27961.531,55.272194,158775.3,Thursday,July,2024
2024-07-05,9362.597,9121.254,28013.879,55.275337,159210.64,Friday,July,2024
2024-07-06,9353.501,9133.217,27961.525,55.28498,158869.83,Saturday,July,2024
2024-07-07,9334.708,9149.915,27753.988,55.29333,157765.34,Sunday,July,2024
2024-07-08,9321.629,9170.017,27485.385,55.291164,156220.34,Monday,July,2024
2024-07-09,9310.922,9153.086,27296.812,55.284325,155089.55,Tuesday,July,2024
2024-07-10,9314.634,9125.944,27280.432,55.271576,154943.7,Wednesday,July,2024
2024-07-11,9326.815,9107.73,27368.309,55.261837,155537.16,Thursday,July,2024
2024-07-12,9333.91,9104.951,27484.607,55.2628,156165.47,Friday,July,2024
2024-07-13,9326.73,9116.656,27470.65,55.270016,155916.73,Saturday,July,2024
2024-07-14,9309.013,9133.522,27294.48,55.276493,154898.17,Sunday,July,2024
2024-07-15,9295.899,9150.745,27068.486,55.273983,153522.0,Monday,July,2024
2024-07-16,9287.403,9134.981,26931.492,55.267788,152664.05,Tuesday,July,2024
2024-07-17,9294.96,9112.002,26966.6,55.2544,152751.95,Wednesday,July,2024
2024-07-18,9309.972,9095.321,27110.049,55.245777,153651.27,Thursday,July,2024
2024-07-19,9319.064,9093.702,27259.283,55.247627,154481.47,Friday,July,2024
2024-07-20,9313.118,9106.455,27266.143,55.255585,154374.38,Saturday,July,2024
2024-07-21,9296.234,9124.303,27107.574,55.262905,153479.48,Sunday,July,2024
2024-07-22,9282.694,9139.125,26907.86,55.26306,152310.77,Monday,July,2024
2024-07-23,9275.875,9126.247,26784.596,55.25688,151545.94,Tuesday,July,2024
2024-07-24,9285.235,9105.767,26838.176,55.243958,151755.06,Wednesday,July,2024
2024-07-25,9301.564,9090.129,27002.982,55.23656,152807.64,Thursday,July,2024
2024-07-26,9311.671,9089.255,27165.139,55.239433,153743.0,Friday,July,2024
2024-07-27,9306.446,9102.587,27180.355,55.248234,153711.28,Saturday,July,2024
2024-07-28,9290.099,9120.876,27029.9,55.25632,152881.6,Sunday,July,2024
2024-07-29,9276.65,9135.121,26839.248,55.257633,151792.12,Monday,July,2024
2024-07-30,9270.677,9123.591,26720.53,55.251522,151061.31,Tuesday,July,2024
2024-07-31,9280.699,9103.619,26783.1,55.23929,151339.86,Wednesday,July,2024
2024-08-01,9297.656,9088.376,26956.674,55.232502,152457.33,Thursday,August,2024
2024-08-02,9311.484,9091.636,27173.154,55.246334,153823.56,Friday,August,2024
2024-08-03,9307.489,9108.724,27179.447,55.265396,153955.95,Saturday,August,2024
2024-08-04,9290.624,9131.024,26949.139,55.27974,152956.08,Sunday,August,2024
2024-08-05,9282.57,9163.406,26604.87,55.272766,150994.92,Monday,August,2024
2024-08-06,9280.521,9155.395,26492.844,55.27431,150500.4,Tuesday,August,2024
2024-08-07,9288.523,9114.643,26683.64,55.28751,151917.58,Wednesday,August,2024
2024-08-08,9311.556,9097.778,26922.05,55.290043,153300.67,Thursday,August,2024
2024-08-09,9325.368,9095.191,27099.24,55.29902,154281.33,Friday,August,2024
2024-08-10,9317.157,9107.683,27000.744,55.307613,153731.4,Saturday,August,2024
2024-08-11,9298.834,9137.214,26632.61,55.301777,151645.67,Sunday,August,2024
2024-08-12,9285.579,9162.126,26264.37,55.28831,149458.94,Monday,August,2024
2024-08-13,9280.028,9148.456,26159.232,55.284924,148883.88,Tuesday,August,2024
2024-08-14,9285.531,9103.415,26369.447,55.294453,150282.2,Wednesday,August,2024
2024-08-15,9306.952,9084.299,26637.414,55.292786,151663.81,Thursday,August,2024
2024-08-16,9319.451,9081.476,26832.578,55.29763,152631.6,Friday,August,2024
2024-08-17,9309.351,9094.586,26737.982,55.3026,152060.17,Saturday,August,2024
2024-08-18,9288.212,9121.62,26388.232,55.296383,150098.23,Sunday,August,2024
2024-08-19,9274.284,9147.636,26040.285,55.281467,148000.0,Monday,August,2024
2024-08-20,9268.547,9135.483,25948.672,55.27728,147506.17,Tuesday,August,2024
2024-08-21,9274.908,9093.392,26173.512,55.285683,148970.77,Wednesday,August,2024
2024-08-22,9297.2,9076.429,26459.787,55.2834,150438.6,Thursday,August,2024
2024-08-23,9310.225,9074.592,26673.695,55.28859,151525.38,Friday,August,2024
2024-08-24,9300.34,9088.616,26588.807,55.2938,151036.64,Saturday,August,2024
2024-08-25,9278.943,9115.183,26252.994,55.28872,149189.28,Sunday,August,2024
2024-08-26,9265.459,9142.201,25915.848,55.27403,147161.31,Monday,August,2024
2024-08-27,9260.284,9131.08,25832.43,55.270203,146732.05,Tuesday,August,2024
2024-08-28,9267.49,9090.205,26067.385,55.278946,148265.3,Wednesday,August,2024
2024-08-29,9290.498,9073.766,26366.088,55.27731,149813.77,Thursday,August,2024
2024-08-30,9304.2,9072.322,26590.658,55.283115,150972.77,Friday,August,2024
2024-08-31,9294.789,9086.654,26511.727,55.288807,150533.89,Saturday,August,2024
2024-09-01,9273.775,9113.5,26181.373,55.28405,148723.6,Sunday,September,2024
2024-09-02,9266.999,9149.63,25865.338,55.27597,146975.28,Monday,September,2024
2024-09-03,9273.234,9153.516,25847.494,55.28373,147179.39,Tuesday,September,2024
2024-09-04,9291.259,9127.605,26110.832,55.306202,149150.53,Wednesday,September,2024
2024-09-05,9311.249,9098.788,26467.65,55.333347,151675.42,Thursday,September,2024
2024-09-06,9323.225,9099.126,26616.44,55.349648,152703.19,Friday,September,2024
2024-09-07,9321.233,9137.688,26403.89,55.34486,151372.17,Saturday,September,2024
2024-09-08,9310.483,9189.61,25955.752,55.327015,148706.73,Sunday,September,2024
2024-09-09,9300.557,9218.44,25589.281,55.31357,146695.48,Monday,September,2024
2024-09-10,9298.273,9211.337,25517.918,55.312885,146436.67,Tuesday,September,2024
2024-09-11,9303.94,9174.075,25724.195,55.32577,147810.02,Wednesday,September,2024
2024-09-12,9313.299,9136.837,25996.705,55.34516,149648.89,Thursday,September,2024
2024-09-13,9316.356,9132.11,26096.006,55.352283,150199.53,Friday,September,2024
2024-09-14,9309.104,9169.971,25879.912,55.339622,148662.56,Saturday,September,2024
2024-09-15,9295.253,9222.039,25452.004,55.316784,145964.38,Sunday,September,2024
2024-09-16,9284.288,9249.253,25119.184,55.300854,144064.7,Monday,September,2024
2024-09-17,9280.996,9238.282,25055.262,55.298565,143842.53,Tuesday,September,2024
2024-09-18,9285.988,9196.667,25252.479,55.310722,145197.94,Wednesday,September,2024
2024-09-19,9294.799,9155.649,25492.408,55.330185,146947.84,Thursday,September,2024
2024-09-20,9298.043,9147.826,25591.604,55.33787,147570.1,Friday,September,2024
2024-09-21,9291.489,9183.068,25425.193,55.325478,146283.67,Saturday,September,2024
2024-09-22,9278.508,9233.728,25041.768,55.303085,143804.58,Sunday,September,2024
2024-09-23,9268.693,9259.693,24750.797,55.287865,142109.89,Monday,September,2024
2024-09-24,9266.535,9247.045,24718.387,55.28631,142048.27,Tuesday,September,2024
2024-09-25,9272.628,9204.023,24922.617,55.299606,143480.0,Wednesday,September,2024
2024-09-26,9282.485,9161.379,25177.002,55.320103,145331.44,Thursday,September,2024
2024-09-27,9286.845,9152.156,25298.688,55.328907,146095.73,Friday,September,2024
2024-09-28,9281.344,9186.1,25169.34,55.317318,144997.4,Saturday,September,2024
2024-09-29,9269.226,9235.983,24814.959,55.295616,142661.17,Sunday,September,2024
2024-09-30,9260.277,9261.406,24549.81,55.281048,141088.31,Monday,September,2024
2024-10-01,9259.007,9248.247,24540.295,55.28012,141133.78,Tuesday,October,2024
2024-10-02,9267.7705,9223.028,24792.586,55.295444,142839.44,Wednesday,October,2024
2024-10-03,9277.059,9205.686,25019.617,55.31507,144538.67,Thursday,October,2024
2024-10-04,9277.835,9226.666,25047.426,55.31996,144648.53,Friday,October,2024
2024-10-05,9268.349,9288.82,24857.854,55.305504,143178.69,Saturday,October,2024
2024-10-06,9256.33,9377.578,24432.162,55.284267,140751.89,Sunday,October,2024
2024-10-07,9251.705,9461.743,24080.295,55.273113,139241.23,Monday,October,2024
2024-10-08,9251.024,9484.49,24014.51,55.271248,139073.39,Tuesday,October,2024
2024-10-09,9246.772,9444.583,24077.691,55.277042,139376.45,Wednesday,October,2024
2024-10-10,9244.901,9402.813,24144.836,55.288425,139884.61,Thursday,October,2024
2024-10-11,9238.362,9407.491,24052.959,55.290756,139546.84,Friday,October,2024
2024-10-12,9228.553,9472.741,23817.682,55.280144,137549.72,Saturday,October,2024
2024-10-13,9220.131,9577.678,23326.94,55.262947,134691.28,Sunday,October,2024
2024-10-14,9219.964,9644.014,22847.96,55.254112,132117.2,Monday,October,2024
2024-10-15,9215.795,9647.795,22786.916,55.249187,132082.27,Tuesday,October,2024
2024-10-16,9206.869,9588.867,22917.01,55.249756,133282.16,Wednesday,October,2024
2024-10-17,9201.647,9515.828,22978.066,55.259304,133748.38,Thursday,October,2024
2024-10-18,9197.315,9497.194,22957.633,55.263588,133423.33,Friday,October,2024
2024-10-19,9190.017,9553.0205,22738.984,55.25439,131686.73,Saturday,October,2024
2024-10-20,9190.224,9627.361,22101.115,55.241375,127835.984,Sunday,October,2024
2024-10-21,9190.079,9678.702,21672.04,55.231903,125567.62,Monday,October,2024
2024-10-22,9185.261,9672.86,21634.229,55.22889,125689.41,Tuesday,October,2024
2024-10-23,9175.885,9605.8,21887.79,55.229458,127641.04,Wednesday,October,2024
2024-10-24,9171.12,9534.524,22177.834,55.23689,129779.6,Thursday,October,2024
2024-10-25,9169.198,9509.343,22219.76,55.243713,129798.43,Friday,October,2024
2024-10-26,9166.873,9550.9795,21953.174,55.238396,127658.305,Saturday,October,2024
2024-10-27,9167.516,9617.647,21371.277,55.22579,123998.86,Sunday,October,2024
2024-10-28,9168.777,9665.619,21010.975,55.216587,122130.42,Monday,October,2024
2024-10-29,9165.524,9657.3125,21022.43,55.215054,122481.95,Tuesday,October,2024
2024-10-30,9158.096,9588.75,21336.86,55.21747,124753.04,Wednesday,October,2024
2024-10-31,9154.619,9521.082,21739.61,55.22558,127606.55,Thursday,October,2024
2024-11-01,9155.143,9498.224,21856.12,55.233612,128146.766,Friday,November,2024
2024-11-02,9163.898,9566.072,21750.627,55.235462,126568.76,Saturday,November,2024
2024-11-03,9176.222,9677.609,21357.275,55.228283,123947.805,Sunday,November,2024
2024-11-04,9189.003,9780.948,21224.031,55.223785,123718.52,Monday,November,2024
2024-11-05,9194.423,9814.799,21553.986,55.223396,125861.805,Tuesday,November,2024
2024-11-06,9189.507,9783.685,22189.396,55.226276,129430.22,Wednesday,November,2024
2024-11-07,9187.575,9745.0625,22734.94,55.235706,132274.69,Thursday,November,2024
2024-11-08,9192.704,9762.169,22988.342,55.242725,133239.61,Friday,November,2024
2024-11-09,9201.744,9878.783,23011.793,55.23571,133231.92,Saturday,November,2024
2024-11-10,9217.268,10016.802,23029.371,55.230846,132673.58,Sunday,November,2024
2024-11-11,9226.814,10117.422,23112.09,55.226246,133163.89,Monday,November,2024
2024-11-12,9223.334,10128.852,23310.309,55.22097,134359.92,Tuesday,November,2024
2024-11-13,9211.956,10044.267,23545.291,55.22113,135703.88,Wednesday,November,2024
2024-11-14,9206.155,9955.502,23746.77,55.229103,136705.53,Thursday,November,2024
2024-11-15,9209.057,9947.824,23950.078,55.234077,137190.27,Friday,November,2024
2024-11-16,9217.607,10040.819,24027.088,55.231342,136784.77,Saturday,November,2024
2024-11-17,9228.272,10162.785,24054.535,55.227627,136641.83,Sunday,November,2024
2024-11-18,9234.782,10241.779,24066.111,55.22403,136940.45,Monday,November,2024
2024-11-19,9230.199,10227.7705,24118.826,55.219326,137531.2,Tuesday,November,2024
2024-11-20,9217.512,10124.2,24168.246,55.218872,137964.8,Wednesday,November,2024
2024-11-21,9209.978,10019.602,24282.113,55.225395,138613.56,Thursday,November,2024
2024-11-22,9212.497,10001.463,24414.957,55.230434,138847.77,Friday,November,2024
2024-11-23,9221.513,10085.693,24445.016,55.229652,138358.77,Saturday,November,2024
2024-11-24,9232.181,10200.148,24424.652,55.227215,138077.31,Sunday,November,2024
2024-11-25,9237.669,10272.519,24406.777,55.223213,138349.03,Monday,November,2024
2024-11-26,9232.045,10251.699,24418.363,55.218227,138812.78,Tuesday,November,2024
2024-11-27,9219.002,10143.326,24410.805,55.218136,138973.73,Wednesday,November,2024
2024-11-28,9211.353,10034.731,24490.264,55.224743,139469.17,Thursday,November,2024
2024-11-29,9213.904,10013.955,24589.518,55.230114,139564.34,Friday,November,2024
2024-11-30,9223.101,10096.137,24598.09,55.229855,139002.31,Saturday,November,2024
2024-12-01,9233.876,10209.041,24559.383,55.22782,138649.34,Sunday,December,2024
2024-12-02,9246.622,10307.2,24762.678,55.22645,140032.1,Monday,December,2024
2024-12-03,9249.773,10320.095,25106.037,55.224277,142073.06,Tuesday,December,2024
2024-12-04,9244.957,10239.537,25475.072,55.228123,143741.62,Wednesday,December,2024
2024-12-05,9246.156,10158.307,25964.05,55.238663,145819.92,Thursday,December,2024
2024-12-06,9256.929,10169.007,26413.117,55.247925,147185.02,Friday,December,2024
2024-12-07,9276.448,10288.187,26740.102,55.254684,147790.4,Saturday,December,2024
2024-12-08,9297.595,10442.213,27010.412,55.25727,149026.2,Sunday,December,2024
2024-12-09,9311.24,10552.279,27273.38,55.256786,150872.45,Monday,December,2024
2024-12-10,9308.784,10548.484,27515.586,55.25329,152506.08,Tuesday,December,2024
2024-12-11,9294.015,10434.603,27642.846,55.25298,153038.9,Wednesday,December,2024
2024-12-12,9287.187,10319.803,27873.99,55.26253,153721.36,Thursday,December,2024
2024-12-13,9292.611,10303.869,28096.01,55.27055,153960.89,Friday,December,2024
2024-12-14,9308.461,10405.334,28237.945,55.275337,153896.2,Saturday,December,2024
2024-12-15,9326.295,10545.614,28349.312,55.275757,154603.34,Sunday,December,2024
2024-12-16,9336.351,10640.457,28462.607,55.273296,155896.86,Monday,December,2024
2024-12-17,9329.431,10619.635,28488.076,55.26679,156667.94,Tuesday,December,2024
2024-12-18,9310.01,10488.501,28394.252,55.26406,156282.92,Wednesday,December,2024
2024-12-19,9299.739,10359.847,28485.637,55.27175,156392.94,Thursday,December,2024
2024-12-20,9303.166,10332.8545,28620.56,55.27888,156248.08,Friday,December,2024
2024-12-21,9317.767,10428.716,28690.588,55.282677,155892.25,Saturday,December,2024
2024-12-22,9334.942,10566.196,28744.967,55.28267,156355.69,Sunday,December,2024
2024-12-23,9344.212,10657.847,28809.254,55.279736,157434.39,Monday,December,2024
2024-12-24,9336.127,10633.572,28758.242,55.272266,157874.22,Tuesday,December,2024
2024-12-25,9315.714,10498.1455,28603.184,55.268658,157213.94,Wednesday,December,2024
2024-12-26,9304.627,10366.421,28653.166,55.275555,157140.92,Thursday,December,2024
2024-12-27,9307.241,10337.478,28753.146,55.28233,156849.78,Friday,December,2024
2024-12-28,9321.31,10432.445,28805.766,55.285755,156409.78,Saturday,December,2024
2024-12-29,9338.197,10569.913,28846.445,55.28556,156807.14,Sunday,December,2024
2024-12-30,9347.16,10661.225,28899.736,55.282383,157835.94,Monday,December,2024
2024-12-31,9338.661,10636.461,28828.627,55.274582,158185.06,Tuesday,December,2024
2025-01-01,9317.935,10500.077,28658.82,55.270638,157457.95,Wednesday,January,2025
2025-01-02,9316.951,10345.96,29183.797,55.280777,159666.62,Thursday,January,2025
2025-01-03,9334.231,10317.341,29810.965,55.297333,161841.39,Friday,January,2025
2025-01-04,9373.04,10441.993,30453.867,55.31604,163666.67,Saturday,January,2025
2025-01-05,9425.908,10647.234,31224.873,55.339775,166400.48,Sunday,January,2025
2025-01-06,9463.112,10797.239,31775.488,55.360455,168754.75,Monday,January,2025
2025-01-07,9460.938,10758.98,31733.797,55.36593,168082.56,Tuesday,January,2025
2025-01-08,9435.114,10571.76,31472.266,55.366447,166741.66,Wednesday,January,2025
2025-01-09,9413.98,10411.112,31386.207,55.372005,166022.66,Thursday,January,2025
2025-01-10,9414.875,10392.674,31585.852,55.38097,165978.69,Friday,January,2025
2025-01-11,9441.019,10538.312,32025.004,55.38683,166473.72,Saturday,January,2025
2025-01-12,9483.054,10758.459,32711.336,55.401875,168761.44,Sunday,January,2025
2025-01-13,9522.347,10902.368,33121.89,55.435116,170670.53,Monday,January,2025
2025-01-14,9505.732,10857.0,32910.145,55.426144,169649.77,Tuesday,January,2025
2025-01-15,9456.48,10669.062,32387.31,55.39401,167309.25,Wednesday,January,2025
2025-01-16,9429.348,10510.499,32116.543,55.393097,166087.31,Thursday,January,2025
2025-01-17,9427.3545,10497.254,32219.24,55.39493,165753.19,Friday,January,2025
2025-01-18,9454.191,10636.738,32696.723,55.400185,166839.47,Saturday,January,2025
2025-01-19,9504.709,10850.553,33367.848,55.432137,169540.95,Sunday,January,2025
2025-01-20,9542.09,10980.569,33700.72,55.465527,171499.33,Monday,January,2025
2025-01-21,9519.3125,10918.436,33386.008,55.449192,170294.03,Tuesday,January,2025
2025-01-22,9458.184,10722.064,32725.922,55.39768,167341.16,Wednesday,January,2025
2025-01-23,9425.491,10558.06,32381.725,55.385677,165876.56,Thursday,January,2025
2025-01-24,9423.88,10541.008,32443.416,55.387234,165510.5,Friday,January,2025
2025-01-25,9452.149,10676.436,32936.727,55.395016,166918.31,Saturday,January,2025
2025-01-26,9510.115,10881.072,33596.99,55.4397,169883.9,Sunday,January,2025
2025-01-27,9546.147,11005.016,33899.39,55.47179,171848.61,Monday,January,2025
2025-01-28,9521.832,10936.376,33545.99,55.453785,170577.72,Tuesday,January,2025
2025-01-29,9459.467,10736.144,32835.84,55.40073,167434.53,Wednesday,January,2025
2025-01-30,9421.965,10572.181,32465.426,55.380424,165839.02,Thursday,January,2025
2025-01-31,9420.895,10553.532,32515.041,55.382473,165474.42,Friday,January,2025
2025-02-01,9450.644,10686.814,33013.402,55.39242,166993.33,Saturday,February,2025
2025-02-02,9505.858,10869.555,33575.19,55.433872,169757.2,Sunday,February,2025
2025-02-03,9536.4795,10970.439,33724.74,55.45834,171250.55,Monday,February,2025
2025-02-04,9504.259,10872.6,33138.234,55.431923,169139.52,Tuesday,February,2025
2025-02-05,9437.546,10640.442,32289.0,55.376907,165801.62,Wednesday,February,2025
2025-02-06,9405.6045,10433.201,31770.275,55.37217,164151.5,Thursday,February,2025
2025-02-07,9400.319,10370.945,31663.135,55.375942,163726.97,Friday,February,2025
2025-02-08,9427.331,10480.792,31988.385,55.38279,164703.56,Saturday,February,2025
2025-02-09,9473.572,10679.903,32568.232,55.39912,167281.66,Sunday,February,2025
2025-02-10,9501.268,10805.979,32751.7,55.41044,168725.62,Monday,February,2025
2025-02-11,9485.184,10722.216,32240.191,55.40234,166927.19,Tuesday,February,2025
2025-02-12,9446.088,10481.228,31505.672,55.3908,164469.86,Wednesday,February,2025
2025-02-13,9415.178,10268.658,31044.068,55.387573,163064.02,Thursday,February,2025
2025-02-14,9408.8955,10193.772,30957.225,55.390564,162748.88,Friday,February,2025
2025-02-15,9431.984,10286.246,31234.326,55.39892,163654.56,Saturday,February,2025
2025-02-16,9471.446,10473.415,31633.258,55.41092,165221.86,Sunday,February,2025
2025-02-17,9499.438,10603.302,31795.256,55.421013,166352.92,Monday,February,2025
2025-02-18,9488.39,10525.855,31411.139,55.41621,165176.2,Tuesday,February,2025
2025-02-19,9452.956,10307.241,30819.857,55.40753,163275.19,Wednesday,February,2025
2025-02-20,9424.689,10101.635,30502.035,55.40577,162448.83,Thursday,February,2025
2025-02-21,9417.488,10029.68,30440.645,55.408028,162188.48,Friday,February,2025
2025-02-22,9438.016,10115.463,30701.812,55.413967,162988.5,Saturday,February,2025
2025-02-23,9474.961,10287.823,31058.316,55.4237,164365.16,Sunday,February,2025
2025-02-24,9502.694,10417.505,31212.766,55.43314,165365.72,Monday,February,2025
2025-02-25,9493.961,10354.957,30895.252,55.429317,164419.44,Tuesday,February,2025
2025-02-26,9462.912,10153.49,30494.393,55.42394,163280.8,Wednesday,February,2025
2025-02-27,9436.667,9956.512,30296.854,55.42387,162912.48,Thursday,February,2025
2025-02-28,9429.497,9886.11,30294.176,55.42682,162848.42,Friday,February,2025
2025-03-01,9446.252,9976.12,30472.512,55.430748,163203.2,Saturday,March,2025
2025-03-02,9470.6875,10096.807,30582.074,55.432644,163848.12,Sunday,March,2025
2025-03-03,9486.642,10131.995,30515.066,55.43456,164275.94,Monday,March,2025
2025-03-04,9472.862,9990.291,30090.95,55.4306,163407.28,Tuesday,March,2025
2025-03-05,9443.75,9744.99,29828.914,55.424168,162924.94,Wednesday,March,2025
2025-03-06,9430.228,9528.42,29881.324,55.42768,164216.38,Thursday,March,2025
2025-03-07,9433.536,9422.069,30053.037,55.438282,166072.98,Friday,March,2025
2025-03-08,9444.53,9411.652,30290.01,55.443573,167333.56,Saturday,March,2025
2025-03-09,9467.863,9454.517,30588.945,55.44993,168945.22,Sunday,March,2025
2025-03-10,9489.854,9472.322,30853.648,55.459843,170859.34,Monday,March,2025
2025-03-11,9491.572,9404.798,30929.197,55.467823,172159.55,Tuesday,March,2025
2025-03-12,9483.48,9286.833,30911.422,55.476543,173544.2,Wednesday,March,2025
2025-03-13,9484.382,9192.552,31030.92,55.500664,175956.17,Thursday,March,2025
2025-03-14,9498.106,9183.572,31140.627,55.510612,177376.25,Friday,March,2025
2025-03-15,9507.67,9186.122,31372.805,55.507275,177645.17,Saturday,March,2025
2025-03-16,9512.447,9209.934,31621.85,55.514774,178212.67,Sunday,March,2025
2025-03-17,9524.924,9242.319,31768.697,55.51604,178671.12,Monday,March,2025
2025-03-18,9524.069,9213.085,31805.648,55.52188,179353.81,Tuesday,March,2025
2025-03-19,9530.065,9181.878,31683.455,55.512882,179384.3,Wednesday,March,2025
2025-03-20,9537.192,9169.415,31631.885,55.52354,180582.94,Thursday,March,2025
2025-03-21,9545.397,9169.178,31708.61,55.529373,181125.56,Friday,March,2025
2025-03-22,9550.321,9178.317,31900.422,55.523632,180796.27,Saturday,March,2025
2025-03-23,9550.439,9198.311,32127.094,55.530426,180996.05,Sunday,March,2025
2025-03-24,9552.99,9220.382,32270.06,55.54298,181643.86,Monday,March,2025
2025-03-25,9553.372,9209.017,32240.018,55.539154,181568.19,Tuesday,March,2025
2025-03-26,9557.844,9184.231,32080.79,55.524372,181163.02,Wednesday,March,2025
2025-03-27,9561.943,9172.678,32004.229,55.53302,182123.84,Thursday,March,2025
2025-03-28,9566.891,9172.89,32043.766,55.53693,182419.02,Friday,March,2025
2025-03-29,9569.117,9182.619,32198.48,55.531418,181941.44,Saturday,March,2025
2025-03-30,9565.569,9205.153,32380.604,55.542923,182233.94,Sunday,March,2025
2025-03-31,9566.976,9229.164,32481.443,55.55339,182689.69,Monday,March,2025
2025-04-01,9564.905,9215.205,32427.445,55.54986,182544.95,Tuesday,April,2025
2025-04-02,9563.75,9182.847,32107.867,55.518505,181161.78,Wednesday,April,2025
2025-04-03,9563.647,9165.342,31899.13,55.50966,181225.7,Thursday,April,2025
2025-04-04,9566.316,9162.975,31932.14,55.499702,181251.75,Friday,April,2025
2025-04-05,9568.546,9172.934,32123.852,55.488056,180862.06,Saturday,April,2025
2025-04-06,9569.081,9196.25,32392.348,55.49535,181480.58,Sunday,April,2025
2025-04-07,9574.111,9218.725,32592.115,55.50687,182343.22,Monday,April,2025
2025-04-08,9573.2,9209.276,32525.162,55.497696,181781.9,Tuesday,April,2025
2025-04-09,9571.832,9186.21,32328.914,55.475307,180922.36,Wednesday,April,2025
2025-04-10,9572.218,9171.335,32224.492,55.46256,180780.61,Thursday,April,2025
2025-04-11,9575.326,9173.73,32335.105,55.45967,181064.33,Friday,April,2025
2025-04-12,9576.453,9194.425,32581.072,55.4737,181794.88,Saturday,April,2025
2025-04-13,9581.757,9226.027,32892.863,55.49762,183174.36,Sunday,April,2025
2025-04-14,9591.273,9252.156,33109.535,55.518024,184392.66,Monday,April,2025
2025-04-15,9591.75,9242.422,33031.637,55.51408,183961.98,Tuesday,April,2025
2025-04-16,9588.545,9214.302,32791.715,55.493423,182915.95,Wednesday,April,2025
2025-04-17,9588.459,9193.43,32642.576,55.477066,182393.9,Thursday,April,2025
2025-04-18,9589.567,9193.9795,32707.719,55.477253,182678.95,Friday,April,2025
2025-04-19,9590.267,9212.432,32922.297,55.49194,183401.12,Saturday,April,2025
2025-04-20,9596.492,9243.599,33206.74,55.516106,184765.27,Sunday,April,2025
2025-04-21,9607.506,9273.025,33373.934,55.53243,185723.7,Monday,April,2025
2025-04-22,9605.41,9256.629,33276.133,55.530533,185323.81,Tuesday,April,2025
2025-04-23,9600.198,9225.02,32997.75,55.50762,184058.19,Wednesday,April,2025
2025-04-24,9598.359,9201.663,32815.246,55.48917,183345.98,Thursday,April,2025
2025-04-25,9597.992,9200.449,32853.113,55.487522,183481.02,Friday,April,2025
2025-04-26,9597.677,9217.725,33047.555,55.500767,184103.77,Saturday,April,2025
2025-04-27,9603.347,9248.432,33315.62,55.52398,185393.75,Sunday,April,2025
2025-04-28,9614.5,9279.623,33459.4,55.537674,186191.61,Monday,April,2025
2025-04-29,9610.842,9260.218,33355.32,55.536537,185801.28,Tuesday,April,2025
2025-04-30,9604.7295,9227.693,33063.56,55.512623,184451.75,Wednesday,April,2025
2025-05-01,9602.098,9203.71,32869.62,55.49329,183667.02,Thursday,May,2025
2025-05-02,9596.642,9199.487,32831.67,55.4835,183335.98,Friday,May,2025
2025-05-03,9589.725,9214.923,32950.94,55.488434,183431.64,Saturday,May,2025
2025-05-04,9585.51,9242.432,33085.605,55.502525,183728.02,Sunday,May,2025
2025-05-05,9584.608,9268.713,33091.375,55.510235,183566.69,Monday,May,2025
2025-05-06,9572.457,9250.955,32865.348,55.496975,182265.34,Tuesday,May,2025
2025-05-07,9561.54,9221.494,32536.78,55.4675,180678.97,Wednesday,May,2025
2025-05-08,9556.482,9201.53,32354.146,55.444614,179915.47,Thursday,May,2025
2025-05-09,9556.715,9204.428,32454.61,55.443974,180305.84,Friday,May,2025
2025-05-10,9557.088,9225.126,32698.803,55.46043,181068.39,Saturday,May,2025
2025-05-11,9560.894,9259.108,32925.605,55.485447,182026.2,Sunday,May,2025
2025-05-12,9573.58,9310.499,32950.25,55.4899,181869.34,Monday,May,2025
2025-05-13,9565.298,9289.805,32787.89,55.484684,181136.78,Tuesday,May,2025
2025-05-14,9552.128,9240.855,32539.33,55.467743,180293.3,Wednesday,May,2025
2025-05-15,9550.095,9217.71,32381.328,55.44702,179762.22,Thursday,May,2025
2025-05-16,9552.917,9217.728,32493.842,55.44781,180307.08,Friday,May,2025
2025-05-17,9555.304,9235.9795,32739.344,55.465027,181159.66,Saturday,May,2025
2025-05-18,9564.077,9278.746,32934.766,55.484467,181890.3,Sunday,May,2025
2025-05-19,9577.114,9327.513,32956.45,55.489826,181795.31,Monday,May,2025
2025-05-20,9568.753,9303.6875,32793.754,55.48509,181120.25,Tuesday,May,2025
2025-05-21,9553.446,9246.169,32560.566,55.471184,180450.88,Wednesday,May,2025
2025-05-22,9551.411,9221.317,32399.777,55.449623,179903.66,Thursday,May,2025
2025-05-23,9554.176,9220.177,32508.918,55.44977,180425.2,Friday,May,2025
2025-05-24,9556.453,9237.714,32749.963,55.466526,181250.42,Saturday,May,2025
2025-05-25,9565.489,9281.205,32939.05,55.48505,181928.62,Sunday,May,2025
2025-05-26,9578.319,9329.474,32959.227,55.49035,181824.67,Monday,May,2025
2025-05-27,9569.769,9305.184,32796.355,55.485527,181148.67,Tuesday,May,2025
2025-05-28,9554.14,9246.804,32564.564,55.471703,180486.94,Wednesday,May,2025
2025-05-29,9551.993,9221.764,32403.752,55.44999,179934.92,Thursday,May,2025
2025-05-30,9554.661,9220.515,32512.742,55.450047,180450.89,Friday,May,2025
2025-05-31,9556.861,9237.999,32753.383,55.466766,181270.4,Saturday,May,2025
2025-06-01,9565.915,9281.685,32942.113,55.485233,181942.94,Sunday,June,2025
2025-06-02,9570.767,9330.533,32816.297,55.485756,180893.88,Monday,June,2025
2025-06-03,9553.665,9305.895,32506.412,55.475185,179315.66,Tuesday,June,2025
2025-06-04,9529.888,9243.064,32191.516,55.46145,178309.42,Wednesday,June,2025
2025-06-05,9522.554,9218.734,31960.545,55.437126,177367.53,Thursday,June,2025
2025-06-06,9518.685,9217.913,31972.617,55.434258,177286.86,Friday,June,2025
2025-06-07,9511.472,9235.581,32069.32,55.447353,177267.83,Saturday,June,2025
2025-06-08,9512.428,9292.032,32005.902,55.446205,176176.36,Sunday,June,2025
2025-06-09,9512.83,9337.166,31825.734,55.44144,174952.25,Monday,June,2025
2025-06-10,9499.878,9313.362,31589.674,55.4316,173943.19,Tuesday,June,2025
2025-06-11,9482.434,9245.104,31436.43,55.425747,174048.69,Wednesday,June,2025
2025-06-12,9481.595,9214.703,31350.8,55.4091,174091.39,Thursday,June,2025
2025-06-13,9483.876,9212.885,31434.672,55.407993,174449.86,Friday,June,2025
2025-06-14,9480.438,9229.218,31572.21,55.42219,174667.1,Saturday,June,2025
2025-06-15,9483.711,9285.468,31529.61,55.421547,173675.28,Sunday,June,2025
2025-06-16,9485.374,9328.576,31376.936,55.41796,172602.39,Monday,June,2025
2025-06-17,9474.983,9303.919,31188.31,55.409866,171860.33,Tuesday,June,2025
2025-06-18,9461.094,9235.417,31097.564,55.4058,172293.55,Wednesday,June,2025
2025-06-19,9464.401,9207.655,31061.1,55.389706,172562.61,Thursday,June,2025
2025-06-20,9468.978,9206.097,31180.076,55.390293,173099.4,Friday,June,2025
2025-06-21,9466.924,9222.679,31339.717,55.40597,173417.92,Saturday,June,2025
2025-06-22,9469.84,9275.919,31325.438,55.409298,172613.72,Sunday,June,2025
2025-06-23,9471.886,9319.503,31184.754,55.40603,171584.62,Monday,June,2025
2025-06-24,9462.947,9295.826,31020.174,55.399124,170952.73,Tuesday,June,2025
2025-06-25,9450.91,9228.646,30954.11,55.395943,171504.84,Wednesday,June,2025
2025-06-26,9456.47,9203.791,30936.125,55.379906,171843.5,Thursday,June,2025
2025-06-27,9462.13,9202.765,31071.904,55.381775,172473.48,Friday,June,2025
2025-06-28,9460.798,9219.709,31242.75,55.39851,172851.16,Saturday,June,2025
2025-06-29,9463.782,9272.097,31241.799,55.403774,172139.28,Sunday,June,2025
2025-06-30,9465.623,9316.166,31102.945,55.400146,171127.02,Monday,June,2025
2025-07-01,9457.627,9293.031,30949.893,55.394127,170549.14,Tuesday,July,2025
2025-07-02,9447.113,9233.5205,30882.447,55.394135,170990.72,Wednesday,July,2025
2025-07-03,9450.523,9206.156,30865.205,55.38744,171498.47,Thursday,July,2025
2025-07-04,9454.091,9205.812,30951.451,55.39366,171973.97,Friday,July,2025
2025-07-05,9447.278,9226.372,30971.414,55.40674,171638.67,Saturday,July,2025
2025-07-06,9442.311,9283.701,30739.895,55.397247,169541.42,Sunday,July,2025
2025-07-07,9435.056,9320.752,30451.291,55.388847,167789.1,Monday,July,2025
2025-07-08,9422.359,9294.304,30219.516,55.379784,166949.45,Tuesday,July,2025
2025-07-09,9414.976,9231.721,30198.045,55.38128,167951.5,Wednesday,July,2025
2025-07-10,9420.06,9194.238,30262.191,55.377808,169082.88,Thursday,July,2025
2025-07-11,9426.086,9192.318,30378.527,55.379215,169659.22,Friday,July,2025
2025-07-12,9419.025,9208.841,30418.363,55.390285,169399.95,Saturday,July,2025
2025-07-13,9413.531,9263.993,30201.441,55.378998,167323.92,Sunday,July,2025
2025-07-14,9405.07,9296.801,29935.732,55.368935,165574.6,Monday,July,2025
2025-07-15,9394.715,9271.952,29757.703,55.36034,164974.73,Tuesday,July,2025
2025-07-16,9390.571,9210.702,29802.74,55.362465,166242.28,Wednesday,July,2025
2025-07-17,9401.349,9181.92,29905.07,55.355244,167389.8,Thursday,July,2025
2025-07-18,9409.334,9180.964,30062.645,55.357883,168135.45,Friday,July,2025
2025-07-19,9403.116,9197.502,30131.65,55.37092,168005.47,Saturday,July,2025
2025-07-20,9396.699,9248.782,29957.086,55.36548,166226.28,Sunday,July,2025
2025-07-21,9388.67,9281.806,29708.703,55.35578,164497.47,Monday,July,2025
2025-07-22,9380.079,9259.409,29557.896,55.348263,164011.16,Tuesday,July,2025
2025-07-23,9377.872,9200.044,29630.756,55.351017,165380.11,Wednesday,July,2025
2025-07-24,9391.65,9176.334,29750.508,55.342747,166541.61,Thursday,July,2025
2025-07-25,9400.822,9176.163,29928.432,55.34692,167391.78,Friday,July,2025
2025-07-26,9395.436,9193.324,30010.51,55.361202,167328.36,Saturday,July,2025
2025-07-27,9388.953,9243.266,29855.121,55.35873,165694.12,Sunday,July,2025
2025-07-28,9381.358,9276.604,29614.064,55.349487,163986.53,Monday,July,2025
2025-07-29,9373.623,9255.209,29474.314,55.342598,163554.2,Tuesday,July,2025
2025-07-30,9372.312,9196.559,29558.055,55.345695,164969.52,Wednesday,July,2025
2025-07-31,9387.225,9174.324,29686.797,55.337536,166165.0,Thursday,July,2025
2025-08-01,9396.982,9174.436,29873.033,55.342415,167064.39,Friday,August,2025
2025-08-02,9393.586,9195.599,29991.111,55.36648,167337.69,Saturday,August,2025
2025-08-03,9391.311,9258.022,29787.973,55.36522,165492.12,Sunday,August,2025
2025-08-04,9386.843,9296.192,29534.75,55.362244,163936.67,Monday,August,2025
2025-08-05,9384.377,9281.524,29394.19,55.362835,163774.44,Tuesday,August,2025
2025-08-06,9389.775,9227.217,29525.69,55.377296,165717.61,Wednesday,August,2025
2025-08-07,9403.824,9184.721,29759.81,55.391705,167953.4,Thursday,August,2025
2025-08-08,9416.467,9182.74,29924.37,55.40095,168941.9,Friday,August,2025
2025-08-09,9410.801,9205.956,29867.553,55.407513,168222.23,Saturday,August,2025
2025-08-10,9401.752,9261.68,29551.703,55.392994,165720.86,Sunday,August,2025
2025-08-11,9390.969,9291.99,29244.062,55.382378,163857.36,Monday,August,2025
2025-08-12,9384.436,9271.237,29092.695,55.377575,163548.47,Tuesday,August,2025
2025-08-13,9387.008,9211.147,29230.715,55.387035,165379.22,Wednesday,August,2025
2025-08-14,9401.756,9172.38,29461.064,55.392002,167286.88,Thursday,August,2025
2025-08-15,9412.563,9169.674,29633.094,55.39654,168151.11,Friday,August,2025
2025-08-16,9401.821,9185.8,29597.158,55.404633,167548.7,Saturday,August,2025
2025-08-17,9390.329,9241.162,29297.639,55.390038,165085.4,Sunday,August,2025
2025-08-18,9378.695,9273.354,28998.656,55.37732,163156.44,Monday,August,2025
2025-08-19,9372.416,9254.695,28871.312,55.371746,162867.48,Tuesday,August,2025
2025-08-20,9375.664,9195.75,29030.87,55.37972,164683.92,Wednesday,August,2025
2025-08-21,9393.415,9164.389,29270.201,55.38062,166445.78,Thursday,August,2025
2025-08-22,9404.593,9162.526,29461.9,55.385822,167366.73,Friday,August,2025
2025-08-23,9393.729,9179.5625,29433.734,55.394295,166777.2,Saturday,August,2025
2025-08-24,9380.972,9232.561,29158.498,55.38376,164507.38,Sunday,August,2025
2025-08-25,9369.675,9266.126,28865.996,55.370914,162578.42,Monday,August,2025
2025-08-26,9364.112,9248.767,28752.111,55.365646,162328.83,Tuesday,August,2025
2025-08-27,9368.183,9190.5,28922.7,55.37328,164157.25,Wednesday,August,2025
2025-08-28,9387.343,9161.339,29173.012,55.373802,165929.33,Thursday,August,2025
2025-08-29,9399.114,9159.84,29375.62,55.37977,166901.17,Friday,August,2025
2025-08-30,9388.555,9177.195,29351.998,55.38875,166336.0,Saturday,August,2025
2025-08-31,9375.765,9229.915,29085.203,55.37967,164135.52,Sunday,August,2025
2025-09-01,9364.723,9263.852,28795.598,55.36695,162215.77,Monday,September,2025
2025-09-02,9371.496,9260.671,28831.629,55.37377,162894.44,Tuesday,September,2025
2025-09-03,9390.092,9216.027,29143.562,55.39886,165752.16,Wednesday,September,2025
2025-09-04,9417.602,9178.375,29560.385,55.430016,169019.72,Thursday,September,2025
2025-09-05,9438.475,9178.245,29805.764,55.45156,170601.33,Friday,September,2025
2025-09-06,9435.708,9207.371,29703.242,55.45937,169754.12,Saturday,September,2025
2025-09-07,9427.464,9265.507,29320.855,55.44426,167054.06,Sunday,September,2025
2025-09-08,9421.571,9298.374,29032.46,55.43745,165488.6,Monday,September,2025
2025-09-09,9423.069,9282.204,28994.316,55.44168,165915.4,Tuesday,September,2025
2025-09-10,9434.057,9226.579,29241.32,55.463127,168348.3,Wednesday,September,2025
2025-09-11,9453.164,9176.935,29593.172,55.487553,170998.6,Thursday,September,2025
2025-09-12,9466.468,9173.654,29757.053,55.496807,171853.88,Friday,September,2025
2025-09-13,9456.114,9199.814,29613.566,55.49532,170570.44,Saturday,September,2025
2025-09-14,9442.83,9257.974,29218.623,55.473125,167642.8,Sunday,September,2025
2025-09-15,9433.426,9290.449,28931.088,55.4606,165954.3,Monday,September,2025
2025-09-16,9432.225,9274.125,28895.938,55.460907,166201.7,Tuesday,September,2025
2025-09-17,9442.552,9216.735,29154.416,55.47816,168160.62,Wednesday,September,2025
2025-09-18,9459.979,9169.997,29500.25,55.498398,170520.34,Thursday,September,2025
2025-09-19,9470.364,9168.78,29651.912,55.5052,171243.83,Friday,September,2025
2025-09-20,9458.637,9200.233,29494.553,55.49993,169959.77,Saturday,September,2025
2025-09-21,9445.084,9262.942,29126.494,55.478428,167247.7,Sunday,September,2025
2025-09-22,9435.632,9297.105,28855.74,55.46493,165624.69,Monday,September,2025
2025-09-23,9434.17,9281.221,28824.918,55.464355,165839.67,Tuesday,September,2025
2025-09-24,9443.834,9223.826,29067.807,55.47897,167667.61,Wednesday,September,2025
2025-09-25,9456.864,9171.988,29414.256,55.499947,170097.78,Thursday,September,2025
2025-09-26,9465.436,9171.574,29555.576,55.505543,170807.08,Friday,September,2025
2025-09-27,9456.841,9209.848,29395.49,55.497524,169426.0,Saturday,September,2025
2025-09-28,9444.412,9272.534,29054.82,55.47753,166808.64,Sunday,September,2025
2025-09-29,9435.594,9306.73,28798.049,55.46443,165259.62,Monday,September,2025
2025-09-30,9433.901,9290.948,28763.229,55.463554,165539.36,Tuesday,September,2025
2025-10-01,9443.091,9232.806,29004.55,55.477627,167353.39,Wednesday,October,2025
2025-10-02,9457.96,9197.117,29387.47,55.505272,170115.86,Thursday,October,2025
2025-10-03,9463.529,9211.626,29496.266,55.519474,170437.78,Friday,October,2025
2025-10-04,9458.519,9279.309,29277.77,55.50235,167592.78,Saturday,October,2025
2025-10-05,9452.066,9362.43,29043.979,55.484188,164636.81,Sunday,October,2025
2025-10-06,9449.432,9418.493,28922.62,55.47276,163095.06,Monday,October,2025
2025-10-07,9448.476,9425.594,28892.754,55.470634,163083.19,Tuesday,October,2025
2025-10-08,9448.314,9389.476,28943.988,55.479195,164058.7,Wednesday,October,2025
2025-10-09,9449.158,9351.6455,29000.887,55.49244,165044.42,Thursday,October,2025
2025-10-10,9445.4,9354.569,28970.0,55.49519,164569.27,Friday,October,2025
2025-10-11,9436.029,9409.786,28804.895,55.479446,162185.4,Saturday,October,2025
2025-10-12,9422.694,9494.564,28486.012,55.45917,159125.55,Sunday,October,2025
2025-10-13,9416.058,9564.281,28243.047,55.447716,157533.11,Monday,October,2025
2025-10-14,9409.624,9554.491,28141.945,55.441265,157350.98,Tuesday,October,2025
2025-10-15,9406.428,9487.267,28165.154,55.443974,158197.62,Wednesday,October,2025
2025-10-16,9406.481,9417.846,28211.56,55.454124,159119.39,Thursday,October,2025
2025-10-17,9402.875,9409.895,28172.36,55.456497,158826.28,Friday,October,2025
2025-10-18,9392.18,9478.724,27936.357,55.44546,156572.95,Saturday,October,2025
2025-10-19,9377.487,9577.531,27530.025,55.427654,153380.73,Sunday,October,2025
2025-10-20,9372.5625,9648.305,27292.674,55.41682,151955.95,Monday,October,2025
2025-10-21,9367.465,9627.057,27238.135,55.410076,152115.77,Tuesday,October,2025
2025-10-22,9365.962,9546.309,27301.66,55.413204,153259.34,Wednesday,October,2025
2025-10-23,9368.155,9466.4375,27385.715,55.424736,154458.55,Thursday,October,2025
2025-10-24,9367.391,9450.538,27402.682,55.4294,154532.73,Friday,October,2025
2025-10-25,9357.722,9516.744,27192.428,55.420948,152496.58,Saturday,October,2025
2025-10-26,9346.424,9613.52,26855.463,55.402832,149578.81,Sunday,October,2025
2025-10-27,9343.492,9680.444,26661.076,55.391644,148336.38,Monday,October,2025
2025-10-28,9339.464,9654.331,26632.715,55.387096,148740.58,Tuesday,October,2025
2025-10-29,9340.182,9566.811,26742.193,55.392162,150200.78,Wednesday,October,2025
2025-10-30,9344.85,9481.966,26876.43,55.4059,151718.42,Thursday,October,2025
2025-10-31,9346.169,9462.982,26931.28,55.41292,152046.22,Friday,October,2025
2025-11-01,9338.233,9526.577,26766.53,55.40583,150254.03,Saturday,November,2025
2025-11-02,9337.008,9655.165,26591.15,55.392143,148136.81,Sunday,November,2025
2025-11-03,9346.022,9769.844,26590.26,55.385704,147830.98,Monday,November,2025
2025-11-04,9350.593,9800.357,26736.65,55.38719,148639.98,Tuesday,November,2025
2025-11-05,9345.842,9742.574,26949.67,55.3912,149767.33,Wednesday,November,2025
2025-11-06,9343.975,9691.656,27123.002,55.400753,150739.03,Thursday,November,2025
2025-11-07,9341.385,9716.168,27182.37,55.402954,150610.11,Friday,November,2025
2025-11-08,9341.586,9829.963,27157.252,55.3894,149369.1,Saturday,November,2025
2025-11-09,9352.136,9999.712,27254.62,55.37251,148487.4,Sunday,November,2025
2025-11-10,9364.236,10132.931,27467.625,55.364597,149082.98,Monday,November,2025
2025-11-11,9361.7295,10136.49,27566.553,55.35869,149811.28,Tuesday,November,2025
2025-11-12,9345.42,10034.169,27526.953,55.358948,150185.62,Wednesday,November,2025
2025-11-13,9330.148,9933.091,27491.592,55.36421,150248.11,Thursday,November,2025
2025-11-14,9325.1875,9925.287,27582.885,55.36414,149889.77,Friday,November,2025
2025-11-15,9331.709,10043.482,27739.838,55.35232,149157.83,Saturday,November,2025
2025-11-16,9349.416,10211.881,28061.117,55.345543,149871.81,Sunday,November,2025
2025-11-17,9360.969,10328.2705,28314.545,55.341125,150959.95,Monday,November,2025
2025-11-18,9352.839,10309.78,28300.426,55.33258,151165.45,Tuesday,November,2025
2025-11-19,9332.052,10178.147,28102.953,55.329266,150802.83,Wednesday,November,2025
2025-11-20,9314.863,10054.187,27942.863,55.334507,150329.81,Thursday,November,2025
2025-11-21,9311.441,10037.231,27982.773,55.33623,149866.14,Friday,November,2025
2025-11-22,9322.817,10142.506,28194.146,55.33053,149719.39,Saturday,November,2025
2025-11-23,9343.277,10304.113,28557.723,55.32849,150911.94,Sunday,November,2025
2025-11-24,9354.704,10408.929,28785.973,55.326225,152068.42,Monday,November,2025
2025-11-25,9345.568,10375.391,28714.82,55.319122,152133.5,Tuesday,November,2025
2025-11-26,9322.529,10233.435,28402.756,55.31399,151209.14,Wednesday,November,2025
2025-11-27,9305.169,10103.068,28165.943,55.3194,150422.16,Thursday,November,2025
2025-11-28,9302.636,10082.245,28166.725,55.322063,149846.77,Friday,November,2025
2025-11-29,9316.697,10180.628,28403.326,55.31972,149998.86,Saturday,November,2025
2025-11-30,9338.482,10338.988,28773.822,55.319744,151340.67,Sunday,November,2025
2025-12-01,9350.216,10438.826,28985.727,55.318615,152512.97,Monday,December,2025
2025-12-02,9349.202,10429.801,29173.531,55.31552,153672.77,Tuesday,December,2025
2025-12-03,9332.551,10316.341,29127.254,55.311623,153695.06,Wednesday,December,2025
2025-12-04,9322.883,10220.49,29246.83,55.317722,154184.7,Thursday,December,2025
2025-12-05,9329.9,10244.456,29583.855,55.323174,154725.28,Friday,December,2025
2025-12-06,9357.034,10385.499,30184.781,55.32932,156368.9,Saturday,December,2025
2025-12-07,9389.377,10593.753,30876.395,55.33692,158974.94,Sunday,December,2025
2025-12-08,9406.904,10725.671,31329.39,55.340347,161044.48,Monday,December,2025
2025-12-09,9399.0625,10695.569,31399.932,55.33632,161588.64,Tuesday,December,2025
2025-12-10,9372.814,10544.89,31082.898,55.32632,160278.1,Wednesday,December,2025
2025-12-11,9355.392,10419.021,30921.951,55.327034,159459.44,Thursday,December,2025
2025-12-12,9359.258,10421.871,31075.895,55.331566,159333.06,Friday,December,2025
2025-12-13,9385.402,10549.493,31577.164,55.340927,160857.83,Saturday,December,2025
2025-12-14,9414.963,10742.453,32144.09,55.348873,163139.8,Sunday,December,2025
2025-12-15,9441.165,10844.584,32456.402,55.37264,164947.22,Monday,December,2025
2025-12-16,9424.917,10790.565,32356.877,55.361298,164841.11,Tuesday,December,2025
2025-12-17,9385.324,10622.926,31879.148,55.334198,162840.73,Wednesday,December,2025
2025-12-18,9364.593,10482.476,31558.834,55.331947,161375.62,Thursday,December,2025
2025-12-19,9367.89,10474.116,31632.303,55.336563,161067.19,Friday,December,2025
2025-12-20,9393.545,10596.951,32069.475,55.34616,162425.77,Saturday,December,2025
2025-12-21,9429.141,10780.73,32581.854,55.36498,164657.16,Sunday,December,2025
2025-12-22,9455.549,10875.945,32842.492,55.39027,166323.7,Monday,December,2025
2025-12-23,9436.85,10815.736,32671.6,55.37643,165950.73,Tuesday,December,2025
2025-12-24,9389.545,10646.12,32137.607,55.337784,163669.25,Wednesday,December,2025
2025-12-25,9367.93,10501.822,31772.363,55.33473,162036.8,Thursday,December,2025
2025-12-26,9371.019,10490.562,31820.016,55.339214,161669.39,Friday,December,2025
2025-12-27,9396.593,10612.25,32237.814,55.34878,162979.58,Saturday,December,2025
2025-12-28,9435.542,10792.744,32734.965,55.373188,165222.78,Sunday,December,2025
2025-12-29,9461.355,10886.703,32980.934,55.397686,166840.55,Monday,December,2025
2025-12-30,9441.841,10825.02,32779.46,55.382843,166351.44,Tuesday,December,2025
2025-12-31,9391.441,10655.297,32222.51,55.339424,163952.61,Wednesday,December,2025
